delta <-
structure(c(-0, 5.9568731023383616, 5.8096428653556771, 4.3547344923858748, 
6.206127797656257, 4.996246556644155, 4.5217885770490414, 5.324135049573977, 
1.0668635903535295, 5.4090917720499414, 4.3321677177734736, 7.1843764040744915, 
2.6892071133007303, 2.094040341100988, 5.2384662550191781, 5.5394318031834811, 
4.7559819645498358, 2.8673992767526735, 3.1174292085315107, 4.729427941827284, 
2.8044128279428131, 4.8691898842024424, 3.945697951910113, 4.601831284722576, 
4.8330011469110143, 6.7904721183674024, 7.5663110147724613, 5.1186046486705523, 
6.2680856722003364, 5.6092275651190233, 4.8627151640196349, 5.2614557732438767, 
5.5632424518771995, 6.1200531888850138, 7.2408886143378339, 5.7692464933147143, 
5.9568731023383616, -0, 1.6482208451272871, 1.3470320237912821, 
4.8311405074510585, 1.6665963262740489, 3.2070413672211981, 2.0455399900041549, 
5.4080682305071539, 3.7318044988309707, 2.2372619503960562, 0.96217813638562566, 
4.7184988712950933, 5.2745368378826329, 4.4543472962535064, 2.6675724999232799, 
2.7270682069379721, 3.4850788656428571, 2.9267394020670396, 5.9994327167571582, 
2.705748704113931, 2.5930315072199761, 3.7612001156935628, 0.35197642315717825, 
2.348472497505516, 1.3304139027254342, 4.7672890354645254, 3.4471824949039784, 
4.1666652238017274, 2.2861347352950769, 1.6582280766035322, 0.22206188544346875, 
1.6157603781735874, 2.9507456085900876, 4.9163246146250135, 6.4892049313253155, 
5.8096428653556771, 1.6482208451272871, -0, 3.2768182450203573, 
5.015267406422816, 2.1019143975318944, 3.1049315655189829, 3.8504118723247038, 
4.654702189954155, 2.326534236252074, 2.1611276350971025, 1.6037072377251156, 
4.7817610680730596, 5.3349459656781919, 3.7272985640178815, 1.4564155322603753, 
1.8128209408288865, 2.9811736847214405, 4.7817610680730596, 7.2384968408943635, 
4.7218414927917838, 3.4117475925573082, 2.8800007036306772, 1.7043692326013875, 
0.38640178259874686, 1.4875675878124619, 4.0291904670423149, 
3.1554518339261977, 2.4417457726995222, 3.3710481796050247, 3.9550824948885932, 
2.1408501698084792, 2.4853124116113805, 2.0876112039248418, 2.9509016513461197, 
4.126400978338217, 4.3547344923858748, 1.3470320237912821, 3.2768182450203573, 
-0, 5.314378174698219, 2.8972132897128819, 1.6506808709681493, 
2.1408501698084792, 4.2477623728337068, 4.1578141361707672, 0.30328772517422664, 
1.0996699302262452, 4.3231861346509488, 3.6628287769139929, 4.9427000641674397, 
3.1154339064824748, 4.3930764708604668, 2.0010882274333208, 2.2731917942974129, 
5.6404876242838853, 2.7109870607755195, 3.2308043957334744, 2.5448047913690695, 
2.3548778877146801, 3.5155837085272936, 2.5563656137701454, 6.7109290359852993, 
5.159310694440026, 5.5304867290695574, 4.0831712616239759, 4.1408645778569939, 
3.1770213057337564, 4.2014891996734285, 4.8716286219882452, 6.2801461198928452, 
6.5357249469602081, 6.206127797656257, 4.8311405074510585, 5.015267406422816, 
5.314378174698219, -0, 7.6882262877137553, 7.6882262877137553, 
5.4571001587018557, 3.971512034606377, 8.3242150544337523, 7.4761325725861312, 
4.9347137125347889, 5.8068546597960129, 5.6415745688569121, 5.8101824498886883, 
7.3841136738658788, 6.0898382114662404, 5.1285960917298201, 4.7952537481175348, 
1.1057251540911581, 6.6224038218686365, 5.8006626895480933, 6.1386865168607256, 
6.3775202839180212, 5.8510044444089431, 6.7380340041639188, 6.5206211275586945, 
6.5784406984475208, 6.033326001202898, 5.8852935178875763, 6.7719355558396002, 
6.9726062513017517, 6.0216299614397064, 7.2715878790074662, 7.9869581963521217, 
6.4099555596711753, 4.996246556644155, 1.6665963262740489, 2.1019143975318944, 
2.8972132897128819, 7.6882262877137553, -0, 4.0579769180512262, 
2.132686056198648, 5.3435297093695846, 2.2678995350061553, 3.4048671105511175, 
1.8640801308076811, 4.2850343686865706, 4.7557430444674651, 4.4543472962535082, 
1.5974617213873847, 3.8177123259569048, 1.8840092028792736, 3.1670039941613606, 
7.2723983925700448, 2.5221508229603717, 2.3584655513885022, 2.1517622032594619, 
2.7340256875054711, 2.4002235625579615, 3.3097259781649964, 5.2417470150596417, 
3.2201250442686327, 1.6382734620739874, 2.5506943903260035, 1.9348603128687285, 
2.6635984385313765, 2.6790626642289581, 4.6709579265260937, 5.609471795184958, 
5.4877563911108531, 4.5217885770490414, 3.2070413672211981, 3.1049315655189829, 
1.6506808709681493, 7.6882262877137553, 4.0579769180512262, -0, 
5.0945167780769571, 5.6312117818213636, 2.9610467155661016, 2.295285790512434, 
3.6966615945559913, 3.0578047021963681, 4.1648747130279391, 0.49628924125235019, 
1.8763641061871199, 3.5725898679239201, 2.663098813239944, 5.8452820369298992, 
6.1737861039019348, 3.9264636895829406, 4.5907814485359912, 2.2695452389158453, 
3.568251466325322, 2.7276202972963075, 2.4689427987989863, 3.6576269106098316, 
3.7844393529856095, 5.5529595849216156, 4.0468036174531008, 6.2270306184207467, 
5.2882670306945343, 4.3174881135363092, 3.1449016230310449, 3.3758795736778655, 
4.0061518501866402, 5.324135049573977, 2.0455399900041549, 3.8504118723247038, 
2.1408501698084792, 5.4571001587018557, 2.132686056198648, 5.0945167780769571, 
-0, 4.2110158690257942, 4.9965363697167531, 4.3816477750368445, 
2.2948630469001352, 5.3413768560084831, 4.1464773478882231, 4.8949037241729414, 
3.7607847470479223, 5.2878881710574968, 3.3905526921507407, 1.341800953572476, 
5.8522024797744727, 1.8886281487355681, 1.2465976056682582, 4.0149806364696623, 
3.6885005944768974, 4.083973507956614, 4.2313358715167517, 6.4118182677098954, 
5.6587076223823942, 3.7272985640178811, 2.4207556504533798, 0.51252992754452376, 
2.7488395420281178, 4.6890516699687925, 5.7764906580387763, 6.2687174240692221, 
6.5242962511365858, 1.0668635903535295, 5.4080682305071539, 4.654702189954155, 
4.2477623728337068, 3.971512034606377, 5.3435297093695846, 5.6312117818213636, 
4.2110158690257942, -0, 6.4903440998555704, 5.8245831748019032, 
4.0171334898307629, 4.4525567854797199, 3.0990522471828195, 6.347889459791503, 
6.7542155236136328, 6.7408739066760583, 4.1081584835860854, 2.7690109008918973, 
3.6853016327660519, 3.7180914555890436, 5.835512245334094, 5.5212108866070366, 
8.3503118191101589, 7.3775088769726613, 5.1066873136972113, 7.5771219308766771, 
4.1929221255830935, 6.214358067166982, 4.8781011364938625, 5.2947395452001507, 
6.2373475853916807, 5.5740533679814153, 7.6349415017655033, 6.9640174579902681, 
5.8570184505550573, 5.4090917720499414, 3.7318044988309707, 2.326534236252074, 
4.1578141361707672, 8.3242150544337523, 2.2678995350061553, 2.9610467155661016, 
4.9965363697167531, 6.4903440998555704, -0, 2.5666314436445217, 
2.0618139665965223, 4.5296626334799468, 6.7780261723073512, 2.1889144688907551, 
0.36164831120578989, 1.8075262952927786, 4.0257574525585289, 
7.2152399787300956, 5.2693298296747821, 4.8321160232520395, 4.3693199834047673, 
3.4808981505394043, 2.3071202481594373, 2.030065268281942, 2.4408606490405464, 
1.3014796059561899, 1.4835363461745485, 2.2649967753481941, 3.1787149873968232, 
4.3574934481500085, 4.1241975253717822, 2.3750441724574829, 2.0674842347695015, 
2.2942168433235288, 2.4492544411690149, 4.3321677177734736, 2.2372619503960562, 
2.1611276350971025, 0.30328772517422664, 7.4761325725861312, 
3.4048671105511175, 2.295285790512434, 4.3816477750368445, 5.8245831748019032, 
2.5666314436445217, -0, 2.1728623752995482, 3.6371283890614912, 
3.7859636276423245, 2.2731230602637291, 3.6515854550829303, 2.452237592619404, 
2.8412027340896953, 5.8171111599632033, 5.7430031878094816, 2.1237751498226953, 
2.9413382014881919, 2.1014034113174032, 0.96656128121402141, 
3.707711430742576, 3.0418734295518468, 5.7228004804919612, 4.605046721576552, 
4.3402339894860855, 4.3551049771076178, 5.5449332740473878, 3.6999292903005219, 
3.7495040759303708, 4.1319614257934081, 5.6205216313715427, 5.1829532778789629, 
7.1843764040744915, 0.96217813638562566, 1.6037072377251156, 
1.0996699302262452, 4.9347137125347889, 1.8640801308076811, 3.6966615945559913, 
