ekman030 <-
list(nobj = 14L, ndim = 2L, name = "ekman", snew = 0.0021309760426298182, 
    itel = 39, xnew = c(-0.025520652821649788, 0.063836112044216617, 
    -0.031030103802380794, 0.060525945738509855, -0.06280032083384389, 
    0.040578391353311219, -0.06628142437883229, 0.035020903725850365, 
    -0.069832953059097036, -0.0080302709086052838, -0.05641449691323161, 
    -0.045799439947880355, -0.038773704507578263, -0.064325589728017191, 
    -0.027800238448520861, -0.069329513675676427, 0.042440817330458298, 
    -0.052393307805985077, 0.060050860510969861, -0.026013290749257394, 
    0.069958268505676657, 0.00049021797962127379, 0.070516016732159917, 
    0.013977861902880272, 0.067744127547548244, 0.02186888855220178, 
    0.067743804138321567, 0.029593091518830345), evec = c(0.00077224001210191647, 
    0.045391489930001791, 0.031148127847385677, 0.045391489930001791, 
    0.041638620254620812, 0.0019223926910799805, 0.094033200682892198, 
    0.085814316665463547, 0.036235481903025779, 0.02492802652939859, 
    0.12252927302248175, 0.11425744746735232, 0.096116121073723332, 
    0.079680621147365446, 0.015777104665309433, 0.11962832699117905, 
    0.11962832699117905, 0.11174845553063029, 0.11174845553063029, 
    0.067375312144507538, 0.014659168051642271, 0.12887584266509078, 
    0.11962832699117905, 0.11687789853865478, 0.11425744746735232, 
    0.077633197644208174, 0.039805454691187313, 0.0054463504112271773, 
    0.13612790794682927, 0.13612790794682927, 0.13612790794682927, 
    0.13612790794682927, 0.11962832699117905, 0.10252011972564806, 
    0.085814316665463547, 0.063280727191198191, 0.11962832699117905, 
    0.12887584266509078, 0.14017058916882, 0.14017058916882, 
    0.13612790794682927, 0.11687789853865478, 0.10252011972564806, 
    0.091965857547377891, 0.019417535133591939, 0.11425744746735232, 
    0.11962832699117905, 0.13612790794682927, 0.14453789087793231, 
    0.13612790794682927, 0.13612790794682927, 0.12560344002593848, 
    0.12887584266509078, 0.055179156409140243, 0.0048735878709485602, 
    0.10700008437522097, 0.10933429179289933, 0.14017058916882, 
    0.14017058916882, 0.14017058916882, 0.13612790794682927, 
    0.13612790794682927, 0.13237396200671553, 0.075583693289692985, 
    0.031148127847385677, 0.0038476105942845842, 0.10473259837156597, 
    0.10473259837156597, 0.12560344002593848, 0.13612790794682927, 
    0.13612790794682927, 0.13612790794682927, 0.13612790794682927, 
    0.13612790794682927, 0.089909372609838001, 0.047307040171766769, 
    0.014659168051642271, 0.00094922234284131057, 0.098220275876908805, 
    0.10252011972564806, 0.13237396200671553, 0.12887584266509078, 
    0.14453789087793231, 0.14017058916882, 0.14453789087793231, 
    0.13612790794682927, 0.083770301026394836, 0.073532369936287464, 
    0.023481674535225264, 0.0089492637478921222, 0.0038476105942845842
    ), dvec = c(0.0064273829106810051, 0.043939677045189779, 
    0.037513352505164417, 0.049917499219889423, 0.043510490349469501, 
    0.0065577245001838284, 0.084429597600932091, 0.078775731995365361, 
    0.049114763186935299, 0.043197418827670017, 0.11390515292719099, 
    0.10931356299639054, 0.086613558334952226, 0.081420416414750493, 
    0.040081979682344143, 0.12884512090158826, 0.12509144359320104, 
    0.10762027475713525, 0.10308443342277597, 0.064294944136877918, 
    0.025581551602188259, 0.13318513574720298, 0.12989562105734528, 
    0.11534623251255485, 0.11121965331035726, 0.074325946084462774, 
    0.037046459441096254, 0.012060522883492342, 0.13464040799087895, 
    0.13471723747595848, 0.14042590219288048, 0.13950544871088683, 
    0.12072066335240572, 0.099074982955077134, 0.082086405142677371, 
    0.072254003253842125, 0.12407819742556965, 0.12563750042139316, 
    0.13973855904175439, 0.14030331108246663, 0.13112282040168743, 
    0.11813412369022409, 0.10599116427392956, 0.09794953168342084, 
    0.031717801322486486, 0.11458152867139071, 0.11748591383212802, 
    0.1386791429446349, 0.14054757975635918, 0.14005064925756694, 
    0.13458383361558524, 0.12658487620623865, 0.12013126408363339, 
    0.059614406133898692, 0.028294747005678064, 0.10820761066645779, 
    0.11170648461205943, 0.1359442313195228, 0.13840646481894786, 
    0.1420640391911871, 0.14030210658019313, 0.13444580211360999, 
    0.12886506453860738, 0.072064894296517995, 0.041337776732433135, 
    0.013499171148065744, 0.10227202503589859, 0.10606939638309816, 
    0.13187834734431075, 0.13466931377377256, 0.14078853946507913, 
    0.14140143814681655, 0.13702385424342461, 0.13208283174776603, 
    0.07845464496053875, 0.048496282871506639, 0.02149302155662115, 
    0.0083637115703537653, 0.099352118179434776, 0.10350423353686693, 
    0.13100551659072149, 0.13413509244202274, 0.14262847373965565, 
    0.14525604125463104, 0.14200950086271091, 0.13752943645745308, 
    0.085802160903132252, 0.056136005652329006, 0.029187002255687048, 
    0.015859399693061535, 0.00772420297339907), wvec = numeric(0), 
    delta = c(0.0027439999999999999, 0.19511200000000001, 0.125, 
    0.19511200000000001, 0.17561599999999999, 0.0068589999999999996, 
    0.55136799999999997, 0.47455199999999997, 0.14887700000000001, 
    0.097336000000000006, 0.83058399999999999, 0.75357099999999999, 
    0.57178700000000005, 0.421875, 0.059318999999999997, 0.80435699999999999, 
    0.80435699999999999, 0.72899999999999998, 0.72899999999999998, 
    0.328509, 0.054871999999999997, 0.88473599999999997, 0.80435699999999999, 
    0.77868800000000005, 0.75357099999999999, 0.40522399999999997, 
    0.166375, 0.019682999999999999, 0.94119200000000003, 0.94119200000000003, 
    0.94119200000000003, 0.94119200000000003, 0.80435699999999999, 
    0.63605599999999995, 0.47455199999999997, 0.300763, 0.80435699999999999, 
    0.88473599999999997, 0.97029900000000002, 0.97029900000000002, 
    0.94119200000000003, 0.77868800000000005, 0.63605599999999995, 
    0.53144100000000005, 0.074088000000000001, 0.75357099999999999, 
    0.80435699999999999, 0.94119200000000003, 1, 0.94119200000000003, 
    0.94119200000000003, 0.857375, 0.88473599999999997, 0.25004700000000002, 
    0.017576000000000001, 0.68147199999999997, 0.70496899999999996, 
    0.97029900000000002, 0.97029900000000002, 0.97029900000000002, 
    0.94119200000000003, 0.94119200000000003, 0.91267299999999996, 
    0.389017, 0.125, 0.013823999999999999, 0.65850299999999995, 
    0.65850299999999995, 0.857375, 0.94119200000000003, 0.94119200000000003, 
    0.94119200000000003, 0.94119200000000003, 0.94119200000000003, 
    0.51200000000000001, 0.20537900000000001, 0.054871999999999997, 
    0.003375, 0.59270400000000001, 0.63605599999999995, 0.91267299999999996, 
    0.88473599999999997, 1, 0.97029900000000002, 1, 0.94119200000000003, 
    0.45653300000000002, 0.37324800000000002, 0.091124999999999998, 
    0.032767999999999999, 0.013823999999999999),